0
11
2
9
27
32
25
34
1
10
3
8
26
33
24
35
1
10
3
8
26
33
24
35
0
11
18
17
27
32
37
38
28
23
30
21
15
4
13
6
29
22
39
36
14
5
16
19
29
22
31
20
14
5
12
7
28
23
38
37
15
4
17
18
10
1
8
3
33
26
35
24
11
0
9
2
32
27
34
25
11
0
9
2
32
27
34
25
18
17
8
3
37
38
35
24
22
29
20
31
5
14
7
12
39
36
21
30
16
19
6
13
23
28
21
30
4
15
6
13
38
37
20
31
17
18
7
12
4
15
6
13
23
28
21
30
5
14
7
12
22
29
20
31
5
14
7
12
22
29
20
31
16
19
6
13
39
36
21
30
32
27
34
25
11
0
9
2
37
38
35
24
18
17
8
3
33
26
35
24
10
1
8
3
36
39
34
25
19
16
9
2
14
5
12
7
29
22
31
20
15
4
13
6
28
23
30
21
15
4
13
6
28
23
30
21
14
5
16
19
29
22
39
36
26
33
24
35
1
10
3
8
27
32
37
38
0
11
18
17
27
32
25
34
0
11
2
9
26
33
36
39
1
10
19
16
5
14
7
12
22
29
20
31
4
15
6
13
23
28
21
30
4
15
18
17
23
28
37
38
5
14
7
12
22
29
20
31
33
26
39
36
10
1
16
19
32
27
34
25
11
0
9
2
32
27
38
37
11
0
17
18
33
26
35
24
10
1
8
3
15
4
13
6
28
23
30
21
14
5
12
7
29
22
31
20
18
17
12
7
37
38
31
20
15
4
13
6
28
23
30
21
39
36
25
34
16
19
2
9
26
33
24
35
1
10
3
8
38
37
24
35
17
18
3
8
27
32
25
34
0
11
2
9
1
10
3
8
26
33
24
35
0
11
2
9
27
32
25
34
16
19
2
9
39
36
25
34
1
10
3
8
26
33
24
35
37
38
31
20
18
17
12
7
28
23
30
21
15
4
13
6
36
39
30
21
19
16
13
6
29
22
31
20
14
5
12
7
11
0
9
2
32
27
34
25
10
1
8
3
33
26
35
24
10
1
16
19
33
26
39
36
11
0
9
2
32
27
34
25
23
28
37
38
4
15
18
17
22
29
20
31
5
14
7
12
22
29
36
39
5
14
19
16
23
28
21
30
4
15
6
13
