0
3
10
9
7
20
13
22
5
6
15
12
2
17
8
19
1
2
11
8
6
21
12
23
4
23
14
21
3
16
9
18
0
3
10
9
23
4
21
14
21
6
23
12
18
1
16
11
1
2
11
8
22
5
20
15
20
7
22
13
19
0
17
10
14
13
4
7
17
10
19
0
11
8
1
2
20
15
22
5
15
12
5
6
16
11
18
1
18
9
16
3
21
14
23
4
14
13
4
7
9
18
3
16
11
16
1
18
12
23
6
21
15
12
5
6
8
19
2
17
10
17
0
19
13
22
7
20
8
19
2
17
15
12
5
6
13
22
7
20
10
9
0
3
9
18
3
16
14
13
4
7
12
23
6
21
11
16
1
18
16
11
18
1
15
12
5
6
21
14
23
4
18
9
16
3
17
10
19
0
14
13
4
7
20
15
22
5
19
8
17
2
22
5
20
15
1
2
11
8
19
0
17
10
4
7
14
13
23
4
21
14
0
3
10
9
18
1
16
11
21
6
23
12
6
21
12
23
1
2
11
8
3
16
9
18
4
23
14
21
7
20
13
22
0
3
10
9
2
17
8
19
5
22
15
20
1
18
11
16
6
5
12
15
4
23
14
21
3
0
9
10
0
19
10
17
7
20
13
22
5
22
15
20
2
1
8
11
17
2
19
8
22
5
20
15
20
7
22
13
3
0
9
10
16
3
18
9
23
4
21
14
21
6
23
12
2
1
8
11
23
12
21
6
8
11
2
1
18
9
16
3
13
14
7
4
22
13
20
7
17
10
19
0
19
8
17
2
12
15
6
5
15
20
5
22
8
19
2
17
10
17
0
19
13
14
7
4
14
21
4
23
9
18
3
16
11
16
1
18
12
15
6
5
9
10
3
0
14
21
4
23
12
15
6
5
11
16
1
18
8
19
2
17
15
20
5
22
13
14
7
4
10
17
0
19
17
10
19
0
22
13
20
7
12
15
6
5
19
8
17
2
16
11
18
1
23
12
21
6
13
14
7
4
18
9
16
3
7
4
13
14
16
3
18
9
2
1
8
11
21
6
23
12
22
5
20
15
17
2
19
8
3
0
9
10
20
7
22
13
7
20
13
22
0
19
10
17
2
1
8
11
5
22
15
20
6
21
12
23
1
18
11
16
3
0
9
10
4
23
14
21
